
        [?25l[0m[38;2;157;210;225;48;2;150;206;222m▄[48;2;151;207;222m▄[38;2;158;210;225;48;2;152;207;222m▄[38;2;158;211;225;48;2;153;207;222m▄[38;2;159;211;225;48;2;154;207;223m▄[38;2;161;212;226;48;2;155;208;223m▄[38;2;162;212;226;48;2;156;208;223m▄[38;2;163;213;227;48;2;157;209;224m▄[38;2;165;214;228;48;2;158;210;224m▄[38;2;163;212;226;48;2;170;190;190m▉[38;2;127;95;67;48;2;172;211;219m▅[38;2;113;81;54;48;2;187;199;191m▅[38;2;187;148;104;48;2;233;226;201m▆[38;2;190;168;135;48;2;190;210;206m▃[38;2;150;113;80;48;2;182;197;191m▗[38;2;148;99;62;48;2;184;213;214m▅[38;2;216;167;107;48;2;180;216;223m▃[38;2;176;219;232;48;2;186;209;207m┈[0m
        [38;2;171;219;233;48;2;164;214;228m▄▄▄[38;2;169;218;232;48;2;168;216;229m┈[38;2;190;201;194;48;2;171;216;229m▁[38;2;174;220;234;48;2;167;216;230m▄▅[38;2;175;221;234;48;2;168;217;231m▅[38;2;177;222;235;48;2;170;218;232m▄[38;2;175;221;234;48;2;174;220;233m┈[38;2;163;192;197;48;2;139;116;90m▍[38;2;108;79;52;48;2;127;102;74m╶[38;2;120;88;57;48;2;176;140;98m▆[38;2;151;108;67;48;2;205;171;126m▆[38;2;193;142;87;48;2;226;190;140m▆[38;2;185;145;97;48;2;232;203;160m▖[38;2;229;215;181;48;2;201;155;102m▇[38;2;206;196;169;48;2;201;225;222m▏[0m
        [38;2;184;228;238;48;2;177;223;235m▅[38;2;185;228;238;48;2;178;224;236m▄[48;2;178;223;235m▅[38;2;169;210;220;48;2;98;105;98m▊[38;2;123;105;80;48;2;193;210;205m▍[38;2;187;229;239;48;2;181;225;237m▄[38;2;188;230;239;48;2;182;225;237m▄[38;2;188;231;240;48;2;182;226;238m▄[38;2;187;229;239;48;2;185;228;238m╴[38;2;76;89;89;48;2;170;212;222m▗[38;2;147;163;160;48;2;130;106;79m▘[38;2;127;81;45;48;2;132;109;82m▆[38;2;113;72;40;48;2;132;94;60m▃[38;2;115;85;57;48;2;212;174;125m▂[38;2;197;140;87;48;2;235;192;133m▁[38;2;239;194;131;48;2;242;223;187m▖[38;2;240;248;244;48;2;195;233;241m▌[38;2;196;235;243;48;2;192;232;240m▄[0m
        [38;2;198;236;243;48;2;192;233;240m▄▄[38;2;199;237;243m▄[38;2;167;198;201;48;2;88;83;69m▍[38;2;69;68;59;48;2;182;185;170m▃[38;2;54;66;68;48;2;190;229;237m▄[38;2;45;55;55;48;2;191;230;238m▅[38;2;40;48;47;48;2;181;219;227m▆[38;2;63;60;50;48;2;165;204;213m▇[38;2;54;53;46;48;2;113;104;85m▋[38;2;133;113;87;48;2;140;105;71m▏[38;2;144;98;57;48;2;134;84;45m▍[38;2;60;44;30;48;2;112;63;40m▝[38;2;170;124;98;48;2;64;43;33m▗[38;2;211;154;100;48;2;173;115;66m▃[38;2;235;187;125;48;2;250;240;202m▌[38;2;247;248;228;48;2;218;243;244m▋[38;2;207;241;246;48;2;201;238;245m▄[0m
        [38;2;213;244;246;48;2;206;240;245m▄[38;2;214;244;246m▄[38;2;141;151;143;48;2;207;240;243m▗[38;2;140;163;164;48;2;74;66;52m▘[38;2;56;53;43;48;2;40;42;38m▖[38;2;40;42;37;48;2;33;35;31m▌[38;2;21;22;19;48;2;30;32;29m┓[38;2;45;45;38;48;2;81;67;48m▌[38;2;95;70;43;48;2;82;63;42m▆[38;2;57;43;29;48;2;80;68;51m▇[38;2;74;55;34;48;2;114;87;59m▃[38;2;108;75;43;48;2;151;109;65m▃[38;2;167;119;71;48;2;141;81;62m▖[38;2;224;163;119;48;2;168;80;68m▃[38;2;239;212;166;48;2;223;173;115m▄[38;2;246;219;173;48;2;247;243;220m▘[38;2;244;251;247;48;2;220;246;246m▘[38;2;215;245;248;48;2;217;245;248m┊[0m
        [38;2;235;250;248;48;2;222;247;246m▂[38;2;218;240;238;48;2;184;195;187m▉[38;2;147;154;143;48;2;112;88;62m▘[38;2;113;81;50;48;2;110;73;42m▌[38;2;62;56;43;48;2;95;65;38m▝[38;2;38;37;30;48;2;52;47;36m▝[38;2;55;48;36;48;2;35;34;27m▃[38;2;72;59;41;48;2;109;84;55m▍[38;2;120;84;49;48;2;102;72;43m▄[38;2;126;76;38;48;2;94;60;32m▅[38;2;117;66;29;48;2;58;39;23m▅[38;2;129;73;31;48;2;101;63;30m▃[38;2;124;79;39;48;2;164;118;68m▉[38;2;171;117;62;48;2;201;162;109m▖[38;2;244;221;172;48;2;221;185;131m▗[38;2;246;228;186;48;2;240;247;235m▍[38;2;230;250;249;48;2;223;249;249m▄[48;2;223;248;249m▄[0m
        [38;2;238;247;241;48;2;249;252;246m▁[38;2;240;244;236;48;2;146;125;98m▋[38;2;99;67;42;48;2;112;77;46m╹[38;2;92;58;33;48;2;107;69;38m┑[38;2;109;63;30;48;2;92;54;28m▆[38;2;106;70;39;48;2;67;51;34m▆[38;2;105;72;41;48;2;70;57;40m▂[38;2;106;75;44;48;2;124;90;56m▍[38;2;118;77;43;48;2;127;87;49m▂[38;2;139;91;51;48;2;129;78;40m╻[38;2;142;81;36;48;2;132;72;32m▂[38;2;153;94;46;48;2;141;79;35m╲[38;2;214;178;129;48;2;174;116;63m▅[38;2;230;199;150;48;2;196;134;73m▄[38;2;229;188;132;48;2;247;230;188m▎[38;2;251;251;229;48;2;250;253;247m▏[38;2;254;255;254;48;2;239;251;250m▄[48;2;238;251;250m▄[0m
        [38;2;163;193;196;48;2;210;232;231m▂[38;2;191;210;208;48;2;136;114;89m▌[38;2;115;65;29;48;2;119;81;47m▗[38;2;115;68;35;48;2;128;98;73m▉[38;2;127;79;46;48;2;159;177;174m▘[38;2;159;177;173;48;2;121;93;67m▆[38;2;160;118;78;48;2;134;93;56m▁[38;2;125;89;55;48;2;134;95;57m┊[38;2;136;92;53;48;2;122;79;45m▆[38;2;150;92;44;48;2;143;83;37m▂[38;2;159;146;127;48;2;151;92;42m▁[38;2;187;135;77;48;2;165;112;63m┕[38;2;179;131;77;48;2;220;187;136m▍[38;2;187;129;72;48;2;225;185;130m▄[38;2;242;210;158;48;2;249;243;212m▎[38;2;169;192;189;48;2;241;247;240m▄[38;2;157;183;185;48;2;240;249;244m▄[38;2;176;197;198;48;2;247;252;247m▄[0m
        [38;2;154;177;179;48;2;137;169;175m▝[38;2;156;154;143;48;2;134;99;68m▌[38;2;122;73;34;48;2;126;78;40m┊[38;2;134;87;51;48;2;138;149;144m▘[38;2;121;163;172;48;2;133;166;172m▋[38;2;139;160;162;48;2;139;128;112m▉[38;2;133;96;66;48;2;149;106;67m╴[38;2;137;97;56;48;2;147;105;62m┊[38;2;131;83;42;48;2;144;96;51m▃[38;2;168;144;115;48;2;151;100;57m▗[38;2;164;143;117;48;2;150;160;154m▏[38;2;165;153;135;48;2;146;162;159m▝[38;2;165;132;100;48;2;158;104;56m▏[38;2;151;91;43;48;2;201;138;76m▊[38;2;237;192;131;48;2;234;222;187m▎[38;2;209;206;187;48;2;137;165;167m▘[38;2;119;160;167;48;2;140;164;166m━[38;2;125;161;167;48;2;147;166;165m╾[0m
        [38;2;136;151;148;48;2;137;119;98m▊[38;2;130;103;79;48;2;115;76;45m▏[38;2;128;83;46;48;2;152;131;105m▋[38;2;163;148;115;48;2;138;156;154m▂[38;2;140;128;99;48;2;125;149;150m▂[38;2;140;126;104;48;2;131;86;50m▍[38;2;154;101;57;48;2;203;154;98m▘[38;2;185;145;97;48;2;137;97;59m▍[38;2;117;76;42;48;2;127;85;47m┲[38;2;138;95;57;48;2;168;141;107m▌[38;2;153;139;106;48;2;168;158;133m▗[38;2;146;131;102;48;2;167;155;128m▖[38;2;170;132;90;48;2;143;94;52m▍[38;2;164;117;70;48;2;231;199;149m▋[38;2;237;220;180;48;2;171;167;142m▍[38;2;184;169;132;48;2;152;163;157m▄[38;2;176;166;137;48;2;164;164;146m╷[38;2;190;174;138;48;2;155;163;154m▃[0m
        [38;2;164;143;107;48;2;102;93;73m▂[38;2;99;65;38;48;2;113;76;44m▅[38;2;123;85;50;48;2;143;114;81m▌[38;2;167;147;109;48;2;85;89;77m▅[38;2;174;156;118;48;2;79;84;74m▅[38;2;132;107;75;48;2;164;132;90m▚[38;2;121;81;47;48;2;179;129;77m▃[38;2;165;118;70;48;2;122;81;45m▎[38;2;109;67;36;48;2;119;77;42m╴[38;2;138;95;57;48;2;173;144;104m▋[38;2;182;162;122;48;2;141;125;93m▇[38;2;191;169;127;48;2;153;140;111m▆[38;2;155;114;72;48;2;130;81;42m▎[38;2;173;119;67;48;2;228;190;135m▎[38;2;244;220;173;48;2;191;173;133m▍[38;2;191;173;136;48;2;174;156;117m▄[38;2;145;130;98;48;2;180;163;125m▝[38;2;184;168;129;48;2;134;124;96m▄[0m
        [38;2;155;144;110;48;2;97;93;77m▅[38;2;169;155;117;48;2;88;65;40m▅[38;2;155;142;106;48;2;114;86;52m▅[38;2;127;118;88;48;2;177;152;107m▆[38;2;83;89;67;48;2;137;124;92m▂[38;2;71;78;72;48;2;151;136;100m▃[38;2;82;82;70;48;2;160;140;102m▅[38;2;156;140;110;48;2;96;72;46m▁[38;2;124;95;65;48;2;202;160;106m▆[38;2;153;119;84;48;2;212;166;109m▖[38;2;134;120;91;48;2;188;167;126m▗[38;2;121;109;84;48;2;199;180;141m▄[38;2;143;128;96;48;2;106;78;51m▂[38;2;161;145;109;48;2;124;79;43m▂[38;2;208;147;82;48;2;207;172;121m▘[38;2;215;194;151;48;2;193;175;136m▎[38;2;177;160;122;48;2;186;169;130m┄[38;2;161;148;117;48;2;183;166;127m╹[0m

